x0 = -1.0113380011841058
y0 = -3.248958482796115
xt = -1
yt = -1
r = 0.5
muk = 0.05
mus = 0.2
sandPitXMin =100
sandPitXMax =100
sandPitYMin =100
sandPitYMax =100
h(x,y) = 0
mukk = 0.1
muss = 0.2
treeX = 19
treeY = -19
